A
M M.wav 865 235 x 865 248 o 771 258 1 771 271 2 771 282 3 865 290 o
min min.wav 865 235 x 865 248 o 771 258 2 771 270 3 830 280 1 865 290 o
Aug Aug.wav 865 235 x 865 248 o 716 258 4 771 270 3 771 280 2 830 290 1
Sus2 Sus2.wav 865 235 x 865 248 o 771 258 1 771 270 2 865 280 o 865 290 o
Sus4 Sus4.wav 865 235 x 865 248 o 771 258 1 771 270 2 716 281 3 865 290 o
5 5.wav 616 235 1 528 246 3 528 258 4 865 269 x 865 279 x 865 290 x
6 6.wav 616 235 2 865 248 x 665 258 1 570 271 4 616 281 3 865 290 x
7 7.wav 865 235 x 865 248 o 771 258 1 865 271 o 771 280 2 865 290 o
maj7 maj7.wav 865 235 x 865 248 o 771 259 2 830 270 1 771 280 3 865 290 o
7sus4 7sus4.wav 865 235 x 865 248 o 771 258 2 865 270 o 716 280 3 865 290 o
9 9.wav 616 235 b 528 246 3 616 258 b 570 270 2 616 280 b 528 294 4
add9 add9.wav 865 235 x 865 248 o 771 258 1 665 270 3 771 280 2 865 290 o
m6 m6.wav 616 235 2 865 248 x 665 258 1 616 270 3 616 281 4 865 290 x
m7 m7.wav 865 235 x 865 248 o 771 258 2 865 270 o 830 280 1 865 290 o
m7♭5 m7♭5.wav 865 235 x 865 248 o 830 258 1 865 270 o 830 280 2 865 290 x
m9 m9.wav 616 235 2 865 248 x 616 260 b 616 273 b 616 280 b 528 292 4
11 11.wav 865 235 x 865 247 o 865 258 o 865 270 o 771 280 1 865 290 o
13 13.wav 616 235 1 865 248 x 616 258 2 570 271 3 528 284 4 865 290 x
9♭ 9♭.wav 616 235 b 865 248 x 616 258 b 570 271 2 616 280 b 570 293 3
9♯ 9♯.wav 616 235 b 528 246 3 616 258 b 570 270 2 616 280 b 486 293 4
13♭ A13♭.wav 616 235 1 865 248 x 616 258 2 570 271 3 570 284 4 865 290 x
7dim 7dim.wav 616 235 2 865 248 x 665 258 b 616 271 1 665 280 b 865 290 x
7♭5 7♭5.wav 865 235 x 865 248 o 830 258 1 865 270 o 771 280 2 716 293 3
dim dim.wav 865 235 x 865 248 o 830 258 2 771 270 1 830 280 3 865 290 x
A♯/B♭
M M.wav 865 235 x 830 238 b 716 258 2 716 270 3 716 280 4 830 297 b
min min.wav 865 235 x 830 238 b 716 258 3 716 270 4 771 280 2 830 297 b
Aug Aug.wav 570 234 4 616 246 3 665 258 2 716 270 1 865 280 x 865 290 x
Sus2 Sus2.wav 865 235 x 830 248 b 716 258 2 716 270 3 830 280 b 830 297 b
Sus4 Sus4.wav 865 235 x 830 248 b 716 258 2 716 270 3 665 280 4 830 297 b
5 5.wav 865 235 x 865 248 o 771 258 1 771 270 2 865 280 x 865 290 x
6 6.wav 570 234 2 865 248 x 616 258 1 528 270 4 570 282 3 865 290 x
7 7.wav 865 235 x 830 248 b 716 258 2 830 270 b 716 280 3 830 297 b
maj7 maj7.wav 865 235 x 830 248 1 716 258 3 771 270 2 716 280 4 865 290 x
7sus4 7sus4.wav 865 235 x 830 248 b 716 258 3 830 270 b 665 281 4 830 297 b
9 9.wav 865 235 x 830 248 2 865 259 o 830 270 b 830 280 b 830 297 b
add9 add9.wav 865 235 x 830 248 b 716 258 2 616 271 4 716 280 3 830 297 b
m6 m6.wav 570 234 2 865 248 x 616 258 1 570 270 3 570 282 4 865 290 x
m7 m7.wav 865 235 x 830 248 b 716 258 3 830 270 b 771 280 2 830 297 b
m7♭5 m7♭5.wav 865 235 x 830 248 1 771 258 3 830 270 2 771 280 4 865 290 x
m9 m9.wav 570 234 2 865 248 x 570 259 b 570 270 b 570 280 b 486 294 4
11 11.wav 865 235 x 830 248 b 830 258 b 830 270 b 716 280 3 830 297 b 
13 13.wav 865 235 x 830 248 2 865 259 o 830 270 b 830 280 b 716 293 3
9♭ 9♭.wav 865 235 x 830 248 2 865 259 o 830 270 b 865 280 o 865 290 x
9♯ 9♯.wav 865 235 x 830 248 1 865 259 o 830 270 2 771 280 3 865 290 x
13♭ 13♭.wav 865 235 x 830 248 2 865 259 o 830 270 b 830 280 b 771 293 3
7dim 7dim.wav 865 235 x 830 248 1 771 259 2 865 270 o 771 280 3 865 290 x
7♭5 7♭5.wav 570 234 2 865 248 x 570 259 3 528 270 4 616 280 1 865 290 x
dim dim.wav 865 235 x 830 248 1 771 258 2 716 270 4 771 280 3 865 290 x
B
M M.wav 865 235 x 771 248 b 665 260 2 665 273 3 665 285 4 771 297 b
min min.wav 865 235 x 771 248 b 665 260 2 665 273 3 716 280 4 771 297 b
Aug Aug.wav 865 235 x 771 248 1 830 260 2 865 270 o 865 280 o 865 290 x
Sus2 Sus2.wav 865 235 x 771 248 b 716 260 2 716 271 3 771 285 b 771 297 b
Sus4 Sus4.wav 865 235 x 771 248 b 716 260 2 716 271 3 616 281 4 771 297 b
5 5.wav 865 235 x 771 248 1 665 260 2 665 271 3 865 280 x 865 291 x
6 6.wav 528 233 2 865 248 x 570 259 1 486 271 3 528 281 4 865 290 x
7 7.wav 865 235 x 771 248 2 830 259 1 771 270 3 865 280 o 771 292 4
maj7 maj7.wav 865 235 x 771 248 1 665 259 3 716 270 2 665 280 4 865 290 x
7sus4 7sus4.wav 865 235 x 771 248 b 665 259 2 771 273 b 616 280 4 771 297 b
9 9.wav 865 235 x 771 248 2 830 260 1 771 273 b3 771 285 b 771 297 b
add9 add9.wav 865 235 x 771 248 b 665 259 2 570 270 3 665 281 4 771 285 b
m6 m6.wav 528 233 2 865 248 x 570 259 1 528 270 3 528 281 4 865 290 x
m7 m7.wav 865 235 x 771 248 b 665 259 3 771 270 b 716 281 2 771 297 b
m7♭5 m7♭5.wav 865 235 x 771 248 1 716 259 3 771 270 2 716 280 4 865 235 x
m9 m9.wav 865 235 x 771 248 1 865 261 o 771 270 2 771 280 3 865 290 x
11 11.wav 865 235 x 771 248 b 771 260 b 771 270 b 665 282 3 771 297 b
13 13.wav 865 235 x 771 248 2 830 260 1 771 270 b 771 280 b 665 292 4
9♭ 9♭.wav 865 235 x 771 248 2 865 261 o 771 270 1 830 280 b 865 290 x
9♯ 9♯.wav 865 235 x 771 248 2 830 260 1 771 270 3 716 281 4 865 290 x
13♭ 13♭.wav 865 235 x 771 248 2 830 260 1 771 270 b3 771 280 b 716 292 4
7dim 7dim.wav 865 235 x 771 248 2 716 260 3 830 270 1 716 280 4 865 290 x
7♭5 7♭5.wav 528 233 2 865 248 x 528 259 3 486 270 1 570 281 4 865 290 x
dim dim.wav 865 235 x 771 248 1 716 260 2 665 270 4 716 280 3 865 290 x
C
M M.wav 716 235 3 716 247 4 771 260 2 865 273 o 830 281 1 865 291 o
min min.wav 865 235 x 716 247 b 616 258 3 616 271 4 665 281 2 716 297 b
Aug Aug.wav 865 235 x 716 247 4 771 260 3 830 270 2 830 281 1 865 290 x
Sus2 Sus2.wav 865 235 x 716 247 b 616 258 3 616 271 4 716 281 b 716 297 b
Sus4 Sus4.wav 865 235 x 716 247 b 616 258 3 616 271 4 570 281 2 716 297 b
5 5.wav 865 235 x 716 247 1 616 258 3 616 273 4 865 280 x 865 290 x
6 6.wav 865 235 x 716 247 3 771 260 2 771 273 2 830 281 1 865 290 o
7 7.wav 865 235 o 716 247 3 771 260 2 716 271 4 830 281 1 865 290 o
maj7 maj7.wav 716 235 2 716 247 3 771 260 1 865 271 o 865 280 o 865 290 o
7sus4 7sus4.wav 865 235 x 716 247 b 616 258 3 716 273 b 570 282 4 716 297 b
9 9.wav 865 235 x 716 247 2 771 260 1 716 273 b 716 285 b 716 297 b
add9 add9.wav 865 235 x 716 247 2 771 260 1 865 271 o 716 281 3 865 290 o
m6 m6.wav 865 235 x 716 247 2 865 260 x 771 271 1 665 281 4 716 292 3
m7 m7.wav 865 235 x 716 247 b 616 258 3 716 273 b 665 281 2 716 297 b
m7♭5 m7♭5.wav 865 235 x 716 247 1 665 260 3 716 271 2 665 281 4 865 290 x
m9 m9.wav 865 235 x 716 247 2 830 260 1 716 270 3 716 281 4 865 290 x
11 11.wav 865 235 x 716 247 2 865 260 o 716 270 3 716 281 4 830 292 1
13 13.wav 865 235 x 716 247 2 771 260 1 716 271 b 716 285 b 616 293 4
9♭ 9♭.wav 865 235 x 716 247 2 865 261 o 716 271 3 771 282 b 771 297 b
9♯ 9♯.wav 865 235 x 716 247 2 771 260 2 716 273 3 665 282 4 865 290 x
13♭ 13♭.wav 865 235 x 716 247 2 771 260 1 716 273 b3 716 285 b 665 293 4
7dim 7dim.wav 865 235 x 716 247 2 665 260 3 771 270 1 665 281 4 865 290 x
7♭5 7♭5.wav 486 233 2 865 248 x 486 259 3 448 270 4 528 281 1 865 290 x
dim dim.wav 865 235 x 716 247 1 665 259 2 616 270 4 665 281 3 2959 290 x
C♯/D♭
M M.wav 830 238 b 665 247 4 716 260 3 830 273 b 771 281 2 830 297 b
min min.wav 865 235 x 665 247 b 570 259 3 570 270 4 616 281 2 665 297 b
Aug Aug.wav 865 235 x 665 247 3 716 260 2 771 270 1 771 281 1 865 290 x
Sus2 Sus2.wav 865 235 x 665 247 b 570 259 2 570 270 3 665 285 b 665 297 b
Sus4 Sus4.wav 865 235 x 665 247 b 570 259 2 570 270 3 528 281 4 665 297 b
5 5.wav 865 235 x 665 247 1 570 259 2 570 271 3 865 280 x 865 290 x
6 6.wav 865 235 x 716 247 3 771 259 2 771 269 2 830 279 1 865 290 x
7 7.wav 865 235 x 665 247 3 716 259 2 665 270 4 771 279 1 865 290 x
maj7 maj7.wav 865 235 x 665 247 4 716 260 3 830 273 b 830 285 b 830 294 b
7sus4 7sus4.wav 865 235 x 665 247 b 570 259 3 665 273 b 528 280 4 665 297 b
9 9.wav 865 235 x 665 247 2 716 259 1 665 270 b 665 281 b 665 297 b
add9 add9.wav 830 238 b 665 247 3 716 260 2 830 273 b 665 281 4 830 297 b
m6 m6.wav 865 235 x 716 247 2 865 259 x 771 270 1 665 280 4 716 292 3
m7 m7.wav 865 235 x 665 247 b 570 259 3 665 273 b 616 281 2 665 297 b
m7♭5 m7♭5.wav 865 235 x 665 247 2 616 260 3 665 270 2 616 281 4 865 290 x
m9 m9.wav 865 235 x 665 247 2 771 260 1 665 270 3 665 281 4 865 290 x
11 11.wav 865 235 x 665 247 2 865 259 x 665 270 3 665 281 4 771 291 1
13 13.wav 865 235 x 665 247 2 716 259 1 665 273 b 665 285 b 616 291 4
9♭ 9♭.wav 865 235 x 665 247 2 865 259 o 665 271 3 716 282 b 716 291 b
9♯ 9♯.wav 865 235 x 716 247 2 771 260 1 716 270 3 665 281 4 865 290 x
13♭ 13♭.wav 865 235 x 665 247 2 716 259 1 665 273 b3 665 285 b 616 293 4 
7dim 7dim.wav 865 235 x 665 247 2 616 260 3 716 270 1 616 281 4 865 290 x
7♭5 7♭5.wav 865 235 x 865 248 x 616 260 1 570 271 2 570 282 2 528 293 3
dim dim.wav 865 235 x 665 247 1 616 260 2 570 270 4 616 281 3 865 290 x
D
M M.wav 865 235 x 865 248 x 865 260 o 771 270 1 716 281 3 771 292 2
min min.wav 865 235 x 865 247 x 865 260 o 771 270 2 716 281 3 830 292 1
Aug Aug.wav 865 235 x 616 247 3 665 259 2 716 271 1 716 282 1 865 291 x
Sus2 Sus2.wav 865 235 x 865 247 x 865 260 o 771 270 1 716 281 2 865 291 o
Sus4 Sus4.wav 865 235 x 865 247 x 865 260 o 771 270 1 716 281 2 716 293 3
5 5.wav 865 235 x 616 247 1 528 260 2 528 270 3 865 280 x 865 293 x
6 6.wav 865 235 x 865 248 x 865 261 o 771 270 1 865 280 o 771 291 2
7 7.wav 865 235 x 865 248 x 865 261 o 771 271 2 830 280 1 771 291 3
maj7 maj7.wav 865 235 x 865 248 x 865 261 o 771 270 1 771 280 1 771 292 1
7sus4 7sus4.wav 865 235 x 865 248 x 865 261 o 771 270 2 830 280 1 716 292 3
9 9.wav 865 235 x 616 247 2 665 260 1 616 270 b 616 280 b 650 297 b
add9 add9.wav 771 237 b 616 247 3 665 260 2 771 270 b 616 280 4 771 297 b
m6 m6.wav 865 235 x 865 248 x 865 260 o 771 270 2 865 280 o 830 292 1
m7 m7.wav 865 235 x 865 248 x 865 260 o 771 270 2 830 280 1 830 292 1
m7♭5 m7♭5.wav 865 235 x 865 248 x 865 260 o 830 270 b 830 280 b 830 292 b
m9 m9.wav 865 235 x 616 247 2 716 260 1 616 270 3 616 280 4 865 290 x
11 11.wav 865 235 x 616 247 b 616 855 b 616 270 b 528 280 3 616 292 b
13 13.wav 865 235 x 616 247 2 665 260 1 616 270 b 616 280 b 528 292 4
9♭ 9♭.wav 865 235 x 616 247 2 865 260 o 616 270 3 665 280 b 665 290 b
9♯ 9♯.wav 865 235 x 665 247 2 716 260 2 665 270 3 616 280 4 865 290 x
13♭ 13♭.wav 865 235 x 616 247 2 665 260 1 616 270 b 616 280 b 570 292 4
7dim 7dim.wav 865 235 x 865 248 x 865 260 o 830 270 1 865 280 o 830 292 3
7♭5 7♭5.wav 865 235 x 865 248 x 865 260 o 830 270 1 830 280 1 771 291 2
dim dim.wav 865 235 x 616 247 1 570 259 2 528 270 4 570 280 3 865 290 x
D♯/E♭
M M.wav 865 235 x 865 248 x 830 260 1 716 270 2 665 281 4 716 292 3
min min.wav 865 235 x 865 248 x 830 260 1 716 270 3 665 281 4 771 292 2
Aug Aug.wav 865 235 x 570 246 3 616 260 2 665 270 1 665 281 1 865 290 x
Sus2 Sus2.wav 865 235 x 865 248 x 830 260 b 716 270 3 665 281 4 830 292 b
Sus4 Sus4.wav 865 235 x 865 248 x 830 260 1 716 270 3 665 281 b4 665 297 b
5 5.wav 865 235 x 570 246 1 486 259 3 486 271 4 865 280 x 865 290 x
6 6.wav 865 235 x 865 248 x 830 260 b 716 270 3 830 280 b 716 292 4
7 7.wav 865 235 x 865 248 o 830 260 1 716 270 3 771 280 2 716 292 4
maj7 maj7.wav 865 235 x 865 248 o 830 260 1 716 270 b3 716 285 b 716 297 b
7sus4 7sus4.wav 865 235 x 865 248 x 830 260 1 716 270 3 771 280 2 665 292 4
9 9.wav 865 235 x 865 248 x 830 260 1 865 270 o 771 280 3 830 292 4
add9 add9.wav 716 235 b 570 246 3 616 259 2 716 270 b 570 281 4 716 297 b
m6 m6.wav 865 235 x 865 248 x 865 261 o 716 270 3 830 280 b 771 292 2
m7 m7.wav 865 235 x 865 248 o 830 260 1 716 270 3 771 281 b2 771 292 b
m7♭5 m7♭5.wav 865 235 x 865 248 x 830 260 1 771 270 b2 771 280 b 771 297 b
m9 m9.wav 865 235 x 570 246 2 665 260 1 570 270 3 570 281 4 865 290 x
11 11.wav 865 235 x 570 246 b 570 259 b 570 270 b 486 281 3 570 297 b
13 13.wav 865 235 x 570 246 1 616 259 2 570 270 b3 570 280 b 486 296 4
9♭ 9♭.wav 865 235 x 865 248 x 830 260 1 865 261 o 771 280 2 865 290 o
9♯ 9♯.wav 865 235 x 865 248 x 830 260 1 865 261 o 771 280 2 771 292 2
13♭ 13♭.wav 865 235 x 570 246 2 616 259 1 570 270 b 570 280 b 528 293 4
7dim 7dim.wav 865 235 x 865 248 x 830 260 1 771 270 3 830 280 2 771 292 4
7♭5 7♭5.wav 865 235 x 865 248 x 830 260 1 771 270 2 771 280 2 716 292 3
dim dim.wav 865 235 x 570 246 1 528 259 2 486 270 4 528 280 3 865 290 x
E
M M.wav 865 235 o 771 248 2 771 260 3 830 270 1 865 280 o 865 290 o
min min.wav 865 235 o 771 248 2 771 260 3 865 270 o 865 280 o 865 290 o
Aug Aug.wav 865 235 o 865 248 x 771 260 2 830 270 1 830 280 1 865 290 o
Sus2 Sus2.wav 865 235 o 771 248 1 665 260 3 665 270 4 865 280 o 865 290 o
Sus4 Sus4.wav 865 235 o 771 248 1 771 260 2 771 270 3 865 280 o 865 290 o
5 5.wav 865 235 o 771 248 1 771 260 2 865 270 x 865 280 x 865 290 x
6 6.wav 865 235 x 865 248 x 771 260 b 665 270 3 771 280 b 665 292 4
7 7.wav 865 235 o 771 248 2 865 260 o 830 270 1 865 280 o 865 290 o
maj7 maj7.wav 865 235 o 771 248 2 830 260 1 830 270 1 865 280 o 865 290 o
7sus4 7sus4.wav 865 235 o 771 248 1 865 260 o 771 270 3 865 280 o 865 290 o
9 9.wav 865 235 o 771 248 2 865 260 o 830 270 1 865 280 o 830 292 3
add9 add9.wav 865 235 o 771 248 2 665 259 3 830 270 1 865 280 o 865 290 o
m6 m6.wav 865 235 x 865 248 x 865 260 o 665 270 3 771 280 b 716 292 2
m7 m7.wav 865 235 o 771 248 1 865 260 o 865 270 o 865 280 o 865 290 o
m7♭5 m7♭5.wav 865 235 x 865 248 x 771 259 1 716 270 b2 716 280 b 716 292 b
m9 m9.wav 865 235 o 865 248 x 865 260 o 865 270 o 865 280 o 771 292 1
11 11.wav 865 235 x 528 246 b 528 259 b 528 270 b 448 282 3 528 292 b
13 13.wav 865 235 o 771 248 2 865 260 o 830 270 1 771 280 3 865 290 o
9♭ 9♭.wav 865 235 o 865 248 x 865 260 o 830 270 1 865 280 o 830 292 2
9♯ 9♯.wav 865 235 o 771 248 2 865 260 o 830 270 1 865 280 o 716 292 3
13♭ 13♭.wav 865 235 o 771 248 3 865 260 o 830 270 1 830 280 2 865 290 o
7dim 7dim.wav 865 235 x 865 248 x 771 260 1 716 270 3 771 280 2 716 292 4
7♭5 7♭5.wav 865 235 x 865 248 x 771 260 1 716 270 2 716 280 3 665 292 4
dim dim.wav 865 235 x 528 246 1 486 259 2 448 270 4 486 280 3 865 290 x
F
M M.wav 830 238 b 716 248 3 716 260 4 771 270 2 830 281 b 830 292 b
min min.wav 830 238 b 716 248 3 716 260 4 830 270 b 830 281 b 830 292 b
Aug Aug.wav 830 238 1 865 248 x 716 260 3 771 270 2 771 281 b 865 290 x
Sus2 Sus2.wav 830 238 1 716 247 3 616 260 4 865 270 x 865 281 x 865 290 x
Sus4 Sus4.wav 830 238 b 716 247 3 716 260 3 716 270 3 830 281 b 830 292 b
5 5.wav 830 238 1 716 247 3 716 260 3 865 270 x 865 281 x 865 290 x
6 6.wav 830 238 1 865 248 x 865 260 o 771 270 3 830 281 2 865 290 x
7 7.wav 830 238 b 716 247 3 830 260 b 771 270 2 830 281 b 830 292 b
maj7 maj7.wav 830 238 1 865 248 x 771 260 3 771 270 4 830 281 2 865 290 x
7sus4 7sus4.wav 830 238 b 716 247 3 830 260 b 716 270 4 830 281 b 830 292 b
9 9.wav 830 238 b 716 247 3 830 260 b 771 270 2 830 281 b 716 292 4
add9 add9.wav 830 238 b 716 247 3 616 260 4 771 270 2 830 281 b 830 292 b
m6 m6.wav 830 238 1 865 248 x 865 260 o 830 270 2 830 281 3 865 290 x
m7 m7.wav 830 238 2 865 248 x 830 260 1 830 270 1 830 281 1 865 290 x
m7♭5 m7♭5.wav 830 238 2 865 248 x 830 260 1 830 270 1 865 281 o 865 290 x
m9 m9.wav 830 238 2 865 248 x 830 260 b 830 270 b 830 281 b 716 292 3
11 11.wav 865 235 x 486 246 b 486 259 b 486 270 b 411 281 3 486 292 b
13 13.wav 830 238 1 865 248 x 830 260 2 771 270 3 716 281 4 865 290 x
9♭ 9♭.wav 830 238 b 865 248 x 830 260 b 771 270 2 830 281 b 771 292 3
9♯ 9♯.wav 830 238 b 716 247 3 830 260 b 771 270 2 830 281 b 665 292 4
13♭ 13♭.wav 830 238 1 865 248 x 830 260 2 771 270 3 771 281 4 865 290 x
7dim 7dim.wav 830 238 1 865 248 x 830 260 2 830 270 3 865 281 o 865 290 x
7♭5 7♭5.wav 830 238 1 865 248 o 830 260 2 771 270 3 865 281 o 865 290 x
dim dim.wav 865 235 x 486 246 1 448 259 2 411 270 4 448 281 3 865 290 x
F♯/G♭
M M.wav 771 237 b 665 247 3 665 260 4 716 270 2 771 281 b 771 292 b
min min.wav 771 237 b 665 247 3 665 260 4 771 270 b 771 281 b 771 292 b
Aug Aug.wav 771 237 1 865 248 x 665 260 4 716 270 2 716 281 3 865 290 x
Sus2 Sus2.wav 771 237 1 665 247 2 570 259 4 865 270 x 865 281 x 865 290 x
Sus4 Sus4.wav 771 237 b 665 247 3 665 260 3 665 270 3 771 281 b 771 292 b
5 5.wav 771 237 1 665 247 2 665 260 4 865 270 x 865 281 x 865 290 x
6 6.wav 771 237 2 865 248 x 830 260 1 716 270 4 771 281 3 865 290 x
7 7.wav 771 237 b 665 247 3 771 260 b 716 270 2 771 281 b 771 292 b
maj7 maj7.wav 771 237 2 865 248 x 716 260 3 716 270 4 771 281 2 865 290 x
7sus4 7sus4.wav 771 237 b 665 247 3 771 260 b 665 270 4 771 281 b 771 292 b
9 9.wav 771 237 b 665 247 3 771 260 b 716 270 2 771 281 b 665 292 4
add9 add9.wav 771 237 b 665 247 3 570 259 4 716 270 2 771 281 b 771 292 b
m6 m6.wav 771 237 2 865 248 x 830 260 1 771 270 3 771 281 4 865 290 x
m7 m7.wav 771 237 2 865 248 x 771 260 b 771 270 b 771 281 b 865 290 x
m7♭5 m7♭5.wav 865 235 x 865 248 x 665 260 1 616 270 b2 616 281 b 616 292 b
m9 m9.wav 771 237 2 865 248 x 771 260 b 771 270 b 771 281 b 665 292 4
11 11.wav 771 237 2 865 248 x 771 260 3 830 270 1 865 281 o 865 290 o
13 13.wav 771 237 1 865 248 x 771 260 2 716 270 3 665 281 4 865 290 x
9♭ 9♭.wav 771 237 b 865 248 x 771 260 b 716 270 2 771 281 b 716 292 3
9♯ 9♯.wav 771 237 b 665 247 3 771 260 b 716 270 2 771 281 b 616 292 4
13♭ 13.wav 771 237 1 865 248 x 771 260 2 716 270 4 716 281 3 865 290 x
7dim 7dim.wav 771 237 2 865 248 x 830 260 b 771 270 3 830 281 b 865 290 x
7♭5 7♭5.wav 771 237 2 865 248 x 771 260 3 716 270 4 830 281 1 865 290 x
dim dim.wav 865 235 x 448 245 1 411 259 2 377 270 4 411 282 3 865 290 x
G
M M.wav 716 235 2 771 248 1 865 261 o 865 270 o 865 280 o 716 292 4
min min.wav 716 235 b 616 248 3 616 260 4 716 270 b 716 280 b 716 292 b
Aug Aug.wav 716 235 1 865 248 x 616 260 3 665 270 2 665 280 2 865 290 x
Sus2 Sus2.wav 716 235 1 616 248 2 528 259 4 865 270 x 865 280 x 865 290 x
Sus4 Sus4.wav 716 235 b 616 248 3 616 260 3 616 270 3 716 280 b 716 292 b
5 5.wav 716 235 1 616 248 3 616 260 4 865 270 x 865 280 x 865 290 x
6 6.wav 716 235 2 865 248 x 771 260 1 665 270 4 716 280 3 865 290 x
7 7.wav 716 235 3 771 248 2 865 261 o 865 270 o 865 280 o 830 292 1
maj7 maj7.wav 716 235 1 865 248 x 665 260 3 665 270 4 716 280 2 865 290 x
7sus4 7sus4.wav 716 235 b 616 248 3 716 260 b 616 270 4 716 280 b 716 292 b
9 9.wav 716 235 b 616 248 3 716 260 b 665 270 2 716 280 b 616 292 4
add9 add9.wav 716 235 b 616 248 3 528 259 4 665 270 2 716 280 b 716 292 b
m6 m6.wav 716 235 2 865 248 x 771 260 1 716 270 3 716 281 4 865 290 x
m7 m7.wav 716 235 1 865 248 x 716 260 2 716 270 3 716 281 4 865 290 x
m7♭5 m7♭5.wav 865 235 x 865 248 x 616 260 1 570 270 b2 570 281 b 570 292 b
m9 m9.wav 716 235 2 865 248 x 716 260 b 716 270 b 716 281 b 616 292 4
11 11.wav 716 235 3 865 261 x 716 260 4 771 270 2 830 281 b 830 292 b
13 13.wav 716 235 1 865 248 x 716 260 2 665 270 3 616 281 4 865 290 x
9♭ 9♭.wav 716 235 b 865 248 x 716 260 b 665 270 2 716 281 b 665 292 3
9♯ 9♯.wav 716 235 b 616 248 3 716 260 b 665 270 2 716 281 b 570 292 4
13♭ 13♭.wav 716 235 1 865 248 x 716 260 2 665 270 3 665 281 4 865 290 x
7dim 7dim.wav 716 235 2 865 248 x 771 260 b 716 270 3 771 281 b 865 290 x
7♭5 7♭5.wav 865 235 x 865 248 x 616 260 1 570 270 3 570 281 3 528 292 4
dim dim.wav 865 235 x 411 245 1 377 259 2 345 270 2 377 281 4 865 290 x
G♯/A♭
M M.wav 665 235 3 716 247 2 830 260 b 830 270 b 830 281 b 665 292 4
min min.wav 665 235 b 570 246 3 570 259 4 665 270 b 665 281 b 665 292 b
Aug Aug.wav 665 235 4 716 247 3 771 260 2 830 270 1 865 280 x 865 290 x
Sus2 Sus2.wav 665 235 1 570 246 2 486 259 4 865 270 x 865 280 x 865 290 x
Sus4 Sus4.wav 665 235 b 570 246 3 570 259 3 570 270 3 665 281 b 665 292 b
5 5.wav 665 235 1 570 246 3 570 259 4 865 270 x 865 280 x 865 290 x
6 6.wav 665 235 1 865 248 x 865 261 o 665 270 2 865 280 o 865 290 x
7 7.wav 665 235 4 716 247 3 830 260 b 830 270 b 2592 281 b 771 292 2
maj7 maj7.wav 865 235 x 865 248 x 830 260 b 830 270 b 830 281 b 716 292 3
7sus4 7sus4.wav 665 235 b 570 246 2 665 260 b 570 270 3 665 281 b 665 292 b
9 9.wav 665 235 b 570 246 3 665 260 b 616 270 2 665 281 b 570 292 4
add9 add9.wav 665 235 b 570 246 3 486 259 4 616 270 2 665 281 b 665 292 b
m6 m6.wav 665 235 2 865 248 x 716 260 1 665 270 3 665 281 4 865 290 x
m7 m7.wav 665 235 2 865 248 x 665 260 1 665 270 1 665 281 1 865 290 x
m7♭5 m7♭5.wav 665 235 2 865 248 x 665 260 3 665 270 4 716 281 1 865 290 x
m9 m9.wav 665 235 2 865 248 x 665 260 b 665 270 b 665 281 b 570 292 4
11 11.wav 665 235 3 865 248 x 665 260 4 716 270 2 771 281 b 771 292 b
13 13.wav 665 235 1 865 248 x 665 260 2 616 270 3 570 281 4 865 290 x
9♭ 9♭.wav 665 235 b 865 248 x 665 260 b 616 270 2 830 281 b 616 292 3
9♯ 9♯.wav 665 235 b 570 246 3 665 260 b 616 270 2 665 281 b 528 292 4
13♭ 13♭.wav 665 235 1 865 248 x 665 260 2 616 270 3 616 281 4 865 290 x
7dim 7dim.wav 665 235 2 865 248 x 716 260 b 665 270 3 716 281 b 865 290 x
7♭5 7♭5.wav 665 235 2 865 248 x 665 260 3 616 270 4 716 281 1 865 290 x
dim dim.wav 865 235 x 377 245 1 345 258 2 315 270 4 345 283 3 865 290 x
